        5 5
  2.959139820e-04  4.666666500e-03
  0.000000000e+00  0.000000000e+00  0.000000000e+00
  0.000000000e+00  0.000000000e+00  0.000000000e+00
  2.825328522e-07  4.759866861e-04
  3.599936962e+00  3.757058620e+00  3.312502201e-07
 -5.445076153e-03  5.217358470e-03 -3.445395080e-10
  8.450771105e-08  4.022000066e-04
 -6.445025444e+00  6.484274387e+00  1.428873986e-01
 -4.252347630e-03 -3.944547847e-03  2.377587516e-04
  1.293944685e-08  1.746666676e-04
  1.479970646e+01 -1.335642242e+01 -2.401572317e-01
  2.604390727e-03  2.735385206e-03 -2.369071990e-05
  1.532112570e-08  1.681666763e-04
  1.717030716e+01 -2.473731041e+01  1.126544550e-01
  2.557153814e-03  1.806766610e-03 -9.609291010e-05
