       10
       -77.8337        53.9817       -29.7249
  1.198849542e-03 -1.527808543e-03 -1.039895015e-03
 0 0 0 0 0 0 0 0 0 0 0 0 0
 0.0e+00 0.0e+00 0.0e+00 0.0e+00 0.0e+00
 0.0e+00 0.0e+00 0.0e+00 0.0e+00 0.0e+00
 0.0e+00 0.0e+00 0.0e+00
      -479.5783       -21.9767       -19.9819
 -3.346786180e-04  1.618890929e-04 -3.073950064e-04
 0 0 0 0 0 0 0 0 0 0 0 0 0
 0.0e+00 0.0e+00 0.0e+00 0.0e+00 0.0e+00
 0.0e+00 0.0e+00 0.0e+00 0.0e+00 0.0e+00
 0.0e+00 0.0e+00 0.0e+00
       353.7572       -87.5471      -154.6720
 -6.770447692e-04 -1.961931653e-04  1.985572615e-05
 0 0 0 0 0 0 0 0 0 0 0 0 0
 0.0e+00 0.0e+00 0.0e+00 0.0e+00 0.0e+00
 0.0e+00 0.0e+00 0.0e+00 0.0e+00 0.0e+00
 0.0e+00 0.0e+00 0.0e+00
      -302.7377      -319.0672       147.9892
 -4.758943905e-04 -1.064900890e-05  2.275401755e-04
 0 0 0 0 0 0 0 0 0 0 0 0 0
 0.0e+00 0.0e+00 0.0e+00 0.0e+00 0.0e+00
 0.0e+00 0.0e+00 0.0e+00 0.0e+00 0.0e+00
 0.0e+00 0.0e+00 0.0e+00
      -137.3159      -294.6354      -350.2929
 -2.683565776e-04  1.810806260e-04 -1.269533887e-04
 0 0 0 0 0 0 0 0 0 0 0 0 0
 0.0e+00 0.0e+00 0.0e+00 0.0e+00 0.0e+00
 0.0e+00 0.0e+00 0.0e+00 0.0e+00 0.0e+00
 0.0e+00 0.0e+00 0.0e+00
      -411.8106      -197.8807       225.6225
  1.763662657e-04 -2.397857006e-04 -1.789840495e-04
 0 0 0 0 0 0 0 0 0 0 0 0 0
 0.0e+00 0.0e+00 0.0e+00 0.0e+00 0.0e+00
 0.0e+00 0.0e+00 0.0e+00 0.0e+00 0.0e+00
 0.0e+00 0.0e+00 0.0e+00
        -4.1666       190.1911        12.2366
  2.859448728e-04 -9.453911508e-04 -8.692774070e-04
 0 0 0 0 0 0 0 0 0 0 0 0 0
 0.0e+00 0.0e+00 0.0e+00 0.0e+00 0.0e+00
 0.0e+00 0.0e+00 0.0e+00 0.0e+00 0.0e+00
 0.0e+00 0.0e+00 0.0e+00
       221.2952       238.2155      -283.1921
 -2.833053567e-04  2.264386030e-04 -1.221500906e-04
 0 0 0 0 0 0 0 0 0 0 0 0 0
 0.0e+00 0.0e+00 0.0e+00 0.0e+00 0.0e+00
 0.0e+00 0.0e+00 0.0e+00 0.0e+00 0.0e+00
 0.0e+00 0.0e+00 0.0e+00
       101.9423       415.6860      -145.5655
 -2.779844446e-04  3.715293544e-04 -1.617583991e-04
 0 0 0 0 0 0 0 0 0 0 0 0 0
 0.0e+00 0.0e+00 0.0e+00 0.0e+00 0.0e+00
 0.0e+00 0.0e+00 0.0e+00 0.0e+00 0.0e+00
 0.0e+00 0.0e+00 0.0e+00
       144.7287      -131.0741       150.0693
  8.133361418e-05 -2.714740548e-04  9.960185571e-04
 0 0 0 0 0 0 0 0 0 0 0 0 0
 0.0e+00 0.0e+00 0.0e+00 0.0e+00 0.0e+00
 0.0e+00 0.0e+00 0.0e+00 0.0e+00 0.0e+00
 0.0e+00 0.0e+00 0.0e+00
