      200
        -0.3827         7.3514        -0.8380
 -3.106398651e-03 -7.844658666e-04 -5.451893032e-03
 0 0 0 0 0 0 0 0 0 0 0 0 0
 0.0e+00 0.0e+00 0.0e+00 0.0e+00 0.0e+00
 0.0e+00 0.0e+00 0.0e+00 0.0e+00 0.0e+00
 0.0e+00 0.0e+00 0.0e+00
         1.7867        -3.7139         2.9944
  2.824729041e-03  5.173897671e-03  4.798002293e-03
 0 0 0 0 0 0 0 0 0 0 0 0 0
 0.0e+00 0.0e+00 0.0e+00 0.0e+00 0.0e+00
 0.0e+00 0.0e+00 0.0e+00 0.0e+00 0.0e+00
 0.0e+00 0.0e+00 0.0e+00
         0.2964        -4.1013         0.6297
  4.146764187e-03  1.371219161e-03  7.203825928e-03
 0 0 0 0 0 0 0 0 0 0 0 0 0
 0.0e+00 0.0e+00 0.0e+00 0.0e+00 0.0e+00
 0.0e+00 0.0e+00 0.0e+00 0.0e+00 0.0e+00
 0.0e+00 0.0e+00 0.0e+00
         9.3586        -7.0708        16.1561
  6.444561248e-04  3.608404388e-03  1.199746846e-03
 0 0 0 0 0 0 0 0 0 0 0 0 0
 0.0e+00 0.0e+00 0.0e+00 0.0e+00 0.0e+00
 0.0e+00 0.0e+00 0.0e+00 0.0e+00 0.0e+00
 0.0e+00 0.0e+00 0.0e+00
         5.3262         5.3252         8.8677
 -1.134141957e-03  4.475964686e-03 -2.050142986e-03
 0 0 0 0 0 0 0 0 0 0 0 0 0
 0.0e+00 0.0e+00 0.0e+00 0.0e+00 0.0e+00
 0.0e+00 0.0e+00 0.0e+00 0.0e+00 0.0e+00
 0.0e+00 0.0e+00 0.0e+00
        15.7144         3.6470        27.3074
 -2.300732513e-04  3.033008869e-03 -2.860089244e-04
 0 0 0 0 0 0 0 0 0 0 0 0 0
 0.0e+00 0.0e+00 0.0e+00 0.0e+00 0.0e+00
 0.0e+00 0.0e+00 0.0e+00 0.0e+00 0.0e+00
 0.0e+00 0.0e+00 0.0e+00
       -13.3161         1.3142       -23.5654
 -1.085603377e-04 -3.293799957e-03 -1.296373469e-04
 0 0 0 0 0 0 0 0 0 0 0 0 0
 0.0e+00 0.0e+00 0.0e+00 0.0e+00 0.0e+00
 0.0e+00 0.0e+00 0.0e+00 0.0e+00 0.0e+00
 0.0e+00 0.0e+00 0.0e+00
       -18.8202         2.3845       -33.8031
 -9.061930909e-05 -2.759314191e-03 -1.475542374e-04
 0 0 0 0 0 0 0 0 0 0 0 0 0
 0.0e+00 0.0e+00 0.0e+00 0.0e+00 0.0e+00
 0.0e+00 0.0e+00 0.0e+00 0.0e+00 0.0e+00
 0.0e+00 0.0e+00 0.0e+00
         7.6098         8.1406        13.4625
 -9.440925931e-04  3.630898179e-03 -1.664722001e-03
 0 0 0 0 0 0 0 0 0 0 0 0 0
 0.0e+00 0.0e+00 0.0e+00 0.0e+00 0.0e+00
 0.0e+00 0.0e+00 0.0e+00 0.0e+00 0.0e+00
 0.0e+00 0.0e+00 0.0e+00
        -0.5373       -20.2952        -0.4811
  1.934180057e-03 -1.275282231e-04  3.285496770e-03
 0 0 0 0 0 0 0 0 0 0 0 0 0
 0.0e+00 0.0e+00 0.0e+00 0.0e+00 0.0e+00
 0.0e+00 0.0e+00 0.0e+00 0.0e+00 0.0e+00
 0.0e+00 0.0e+00 0.0e+00
        -0.8653        12.9457        -1.5626
 -2.397355074e-03 -6.502742343e-04 -4.068489017e-03
 0 0 0 0 0 0 0 0 0 0 0 0 0
 0.0e+00 0.0e+00 0.0e+00 0.0e+00 0.0e+00
 0.0e+00 0.0e+00 0.0e+00 0.0e+00 0.0e+00
 0.0e+00 0.0e+00 0.0e+00
         1.7827         9.3777         2.8943
 -2.514811224e-03  1.828801844e-03 -4.480192811e-03
 0 0 0 0 0 0 0 0 0 0 0 0 0
 0.0e+00 0.0e+00 0.0e+00 0.0e+00 0.0e+00
 0.0e+00 0.0e+00 0.0e+00 0.0e+00 0.0e+00
 0.0e+00 0.0e+00 0.0e+00
         0.6393       -26.4515         1.6480
  1.669076284e-03  2.414401671e-04  2.879452241e-03
 0 0 0 0 0 0 0 0 0 0 0 0 0
 0.0e+00 0.0e+00 0.0e+00 0.0e+00 0.0e+00
 0.0e+00 0.0e+00 0.0e+00 0.0e+00 0.0e+00
 0.0e+00 0.0e+00 0.0e+00
         9.5934        15.0803        17.1572
 -1.050109091e-03  2.733965042e-03 -1.849407347e-03
 0 0 0 0 0 0 0 0 0 0 0 0 0
 0.0e+00 0.0e+00 0.0e+00 0.0e+00 0.0e+00
 0.0e+00 0.0e+00 0.0e+00 0.0e+00 0.0e+00
 0.0e+00 0.0e+00 0.0e+00
        -1.3157         6.8221        -2.5031
 -2.941564279e-03 -2.419567673e-03 -5.068480922e-03
 0 0 0 0 0 0 0 0 0 0 0 0 0
 0.0e+00 0.0e+00 0.0e+00 0.0e+00 0.0e+00
 0.0e+00 0.0e+00 0.0e+00 0.0e+00 0.0e+00
 0.0e+00 0.0e+00 0.0e+00
       -11.6955         5.5849       -20.7513
 -4.179724219e-04 -3.398416974e-03 -6.697299544e-04
 0 0 0 0 0 0 0 0 0 0 0 0 0
 0.0e+00 0.0e+00 0.0e+00 0.0e+00 0.0e+00
 0.0e+00 0.0e+00 0.0e+00 0.0e+00 0.0e+00
 0.0e+00 0.0e+00 0.0e+00
         4.8204        -5.7063         8.1644
  1.385713444e-03  4.434617215e-03  2.298077721e-03
 0 0 0 0 0 0 0 0 0 0 0 0 0
 0.0e+00 0.0e+00 0.0e+00 0.0e+00 0.0e+00
 0.0e+00 0.0e+00 0.0e+00 0.0e+00 0.0e+00
 0.0e+00 0.0e+00 0.0e+00
         7.5585         3.7513        12.9910
 -5.199642201e-04  4.228849574e-03 -9.283131230e-04
 0 0 0 0 0 0 0 0 0 0 0 0 0
 0.0e+00 0.0e+00 0.0e+00 0.0e+00 0.0e+00
 0.0e+00 0.0e+00 0.0e+00 0.0e+00 0.0e+00
 0.0e+00 0.0e+00 0.0e+00
        -1.9469        -2.1136        -3.4318
  1.861605853e-03 -7.167971979e-03  3.372116290e-03
 0 0 0 0 0 0 0 0 0 0 0 0 0
 0.0e+00 0.0e+00 0.0e+00 0.0e+00 0.0e+00
 0.0e+00 0.0e+00 0.0e+00 0.0e+00 0.0e+00
 0.0e+00 0.0e+00 0.0e+00
        13.1662        24.8471        24.1072
 -9.614647388e-04  2.086088779e-03 -1.635197258e-03
 0 0 0 0 0 0 0 0 0 0 0 0 0
 0.0e+00 0.0e+00 0.0e+00 0.0e+00 0.0e+00
 0.0e+00 0.0e+00 0.0e+00 0.0e+00 0.0e+00
 0.0e+00 0.0e+00 0.0e+00
         1.1407         6.3035         1.7573
 -3.107995596e-03  2.135695549e-03 -5.487153939e-03
 0 0 0 0 0 0 0 0 0 0 0 0 0
 0.0e+00 0.0e+00 0.0e+00 0.0e+00 0.0e+00
 0.0e+00 0.0e+00 0.0e+00 0.0e+00 0.0e+00
 0.0e+00 0.0e+00 0.0e+00
        -2.9500       -11.7492        -4.7567
  2.120945522e-03 -2.046800776e-03  3.754935090e-03
 0 0 0 0 0 0 0 0 0 0 0 0 0
 0.0e+00 0.0e+00 0.0e+00 0.0e+00 0.0e+00
 0.0e+00 0.0e+00 0.0e+00 0.0e+00 0.0e+00
 0.0e+00 0.0e+00 0.0e+00
         6.0676         3.7916        10.4007
 -6.837191930e-04  4.606907275e-03 -1.309705272e-03
 0 0 0 0 0 0 0 0 0 0 0 0 0
 0.0e+00 0.0e+00 0.0e+00 0.0e+00 0.0e+00
 0.0e+00 0.0e+00 0.0e+00 0.0e+00 0.0e+00
 0.0e+00 0.0e+00 0.0e+00
        -1.0040        -3.7007        -1.7730
  3.596957211e-03 -3.988742304e-03  6.401131805e-03
 0 0 0 0 0 0 0 0 0 0 0 0 0
 0.0e+00 0.0e+00 0.0e+00 0.0e+00 0.0e+00
 0.0e+00 0.0e+00 0.0e+00 0.0e+00 0.0e+00
 0.0e+00 0.0e+00 0.0e+00
         6.9324        -4.9513        12.7138
  6.913487581e-04  4.178160400e-03  1.230625520e-03
 0 0 0 0 0 0 0 0 0 0 0 0 0
 0.0e+00 0.0e+00 0.0e+00 0.0e+00 0.0e+00
 0.0e+00 0.0e+00 0.0e+00 0.0e+00 0.0e+00
 0.0e+00 0.0e+00 0.0e+00
        -7.8829        22.5589       -13.3854
 -1.358376412e-03 -1.842744139e-03 -2.360170549e-03
 0 0 0 0 0 0 0 0 0 0 0 0 0
 0.0e+00 0.0e+00 0.0e+00 0.0e+00 0.0e+00
 0.0e+00 0.0e+00 0.0e+00 0.0e+00 0.0e+00
 0.0e+00 0.0e+00 0.0e+00
        -3.8990         7.2942        -6.7927
 -1.766568916e-03 -3.854013293e-03 -3.113104764e-03
 0 0 0 0 0 0 0 0 0 0 0 0 0
 0.0e+00 0.0e+00 0.0e+00 0.0e+00 0.0e+00
 0.0e+00 0.0e+00 0.0e+00 0.0e+00 0.0e+00
 0.0e+00 0.0e+00 0.0e+00
         2.9246        -5.1759         5.1152
  1.906928314e-03  4.629438041e-03  3.553597519e-03
 0 0 0 0 0 0 0 0 0 0 0 0 0
 0.0e+00 0.0e+00 0.0e+00 0.0e+00 0.0e+00
 0.0e+00 0.0e+00 0.0e+00 0.0e+00 0.0e+00
 0.0e+00 0.0e+00 0.0e+00
        -2.3000       -37.8464        -4.3633
  1.416762413e-03 -3.588002037e-04  2.371175017e-03
 0 0 0 0 0 0 0 0 0 0 0 0 0
 0.0e+00 0.0e+00 0.0e+00 0.0e+00 0.0e+00
 0.0e+00 0.0e+00 0.0e+00 0.0e+00 0.0e+00
 0.0e+00 0.0e+00 0.0e+00
         9.6761        12.3572        16.4557
 -9.634640695e-04  3.039895013e-03 -1.705797510e-03
 0 0 0 0 0 0 0 0 0 0 0 0 0
 0.0e+00 0.0e+00 0.0e+00 0.0e+00 0.0e+00
 0.0e+00 0.0e+00 0.0e+00 0.0e+00 0.0e+00
 0.0e+00 0.0e+00 0.0e+00
         7.4177         4.5957        12.5975
 -6.025851226e-04  4.188027690e-03 -1.174265161e-03
 0 0 0 0 0 0 0 0 0 0 0 0 0
 0.0e+00 0.0e+00 0.0e+00 0.0e+00 0.0e+00
 0.0e+00 0.0e+00 0.0e+00 0.0e+00 0.0e+00
 0.0e+00 0.0e+00 0.0e+00
         7.5548       -11.2634        13.4680
  1.198009574e-03  3.177578492e-03  1.991594344e-03
 0 0 0 0 0 0 0 0 0 0 0 0 0
 0.0e+00 0.0e+00 0.0e+00 0.0e+00 0.0e+00
 0.0e+00 0.0e+00 0.0e+00 0.0e+00 0.0e+00
 0.0e+00 0.0e+00 0.0e+00
        -1.4270         8.0114        -2.5166
 -2.713816653e-03 -2.012514256e-03 -4.844484701e-03
 0 0 0 0 0 0 0 0 0 0 0 0 0
 0.0e+00 0.0e+00 0.0e+00 0.0e+00 0.0e+00
 0.0e+00 0.0e+00 0.0e+00 0.0e+00 0.0e+00
 0.0e+00 0.0e+00 0.0e+00
        -5.4320        19.6262        -9.1775
 -1.641207789e-03 -1.728411736e-03 -2.755114191e-03
 0 0 0 0 0 0 0 0 0 0 0 0 0
 0.0e+00 0.0e+00 0.0e+00 0.0e+00 0.0e+00
 0.0e+00 0.0e+00 0.0e+00 0.0e+00 0.0e+00
 0.0e+00 0.0e+00 0.0e+00
        -7.3875       -26.1035       -12.3168
  1.364773765e-03 -1.526008214e-03  2.392474156e-03
 0 0 0 0 0 0 0 0 0 0 0 0 0
 0.0e+00 0.0e+00 0.0e+00 0.0e+00 0.0e+00
 0.0e+00 0.0e+00 0.0e+00 0.0e+00 0.0e+00
 0.0e+00 0.0e+00 0.0e+00
        -2.9460        20.2405        -5.4865
 -1.814456285e-03 -1.079402480e-03 -3.095611327e-03
 0 0 0 0 0 0 0 0 0 0 0 0 0
 0.0e+00 0.0e+00 0.0e+00 0.0e+00 0.0e+00
 0.0e+00 0.0e+00 0.0e+00 0.0e+00 0.0e+00
 0.0e+00 0.0e+00 0.0e+00
         5.1012       -30.0330         9.7527
  1.390902475e-03  1.030624730e-03  2.491182862e-03
 0 0 0 0 0 0 0 0 0 0 0 0 0
 0.0e+00 0.0e+00 0.0e+00 0.0e+00 0.0e+00
 0.0e+00 0.0e+00 0.0e+00 0.0e+00 0.0e+00
 0.0e+00 0.0e+00 0.0e+00
         3.0405       -11.7437         5.6432
  2.093568744e-03  2.272690039e-03  3.527738320e-03
 0 0 0 0 0 0 0 0 0 0 0 0 0
 0.0e+00 0.0e+00 0.0e+00 0.0e+00 0.0e+00
 0.0e+00 0.0e+00 0.0e+00 0.0e+00 0.0e+00
 0.0e+00 0.0e+00 0.0e+00
        -6.6903       -21.0863       -11.3540
  1.498411603e-03 -1.814839775e-03  2.530538412e-03
 0 0 0 0 0 0 0 0 0 0 0 0 0
 0.0e+00 0.0e+00 0.0e+00 0.0e+00 0.0e+00
 0.0e+00 0.0e+00 0.0e+00 0.0e+00 0.0e+00
 0.0e+00 0.0e+00 0.0e+00
        -2.3538        -3.0850        -4.0835
  1.903369559e-03 -6.062999375e-03  3.457011633e-03
 0 0 0 0 0 0 0 0 0 0 0 0 0
 0.0e+00 0.0e+00 0.0e+00 0.0e+00 0.0e+00
 0.0e+00 0.0e+00 0.0e+00 0.0e+00 0.0e+00
 0.0e+00 0.0e+00 0.0e+00
        -4.6476         3.2165        -7.9893
 -9.712150310e-04 -5.195690106e-03 -1.529001168e-03
 0 0 0 0 0 0 0 0 0 0 0 0 0
 0.0e+00 0.0e+00 0.0e+00 0.0e+00 0.0e+00
 0.0e+00 0.0e+00 0.0e+00 0.0e+00 0.0e+00
 0.0e+00 0.0e+00 0.0e+00
         2.9435        19.5122         5.0521
 -1.759540167e-03  1.107913562e-03 -3.197858104e-03
 0 0 0 0 0 0 0 0 0 0 0 0 0
 0.0e+00 0.0e+00 0.0e+00 0.0e+00 0.0e+00
 0.0e+00 0.0e+00 0.0e+00 0.0e+00 0.0e+00
 0.0e+00 0.0e+00 0.0e+00
         5.7777       -15.4456        10.3322
  1.493612726e-03  2.385841160e-03  2.689484089e-03
 0 0 0 0 0 0 0 0 0 0 0 0 0
 0.0e+00 0.0e+00 0.0e+00 0.0e+00 0.0e+00
 0.0e+00 0.0e+00 0.0e+00 0.0e+00 0.0e+00
 0.0e+00 0.0e+00 0.0e+00
       -16.7578         9.2254       -28.4372
 -3.698251290e-04 -2.817824061e-03 -6.951154264e-04
 0 0 0 0 0 0 0 0 0 0 0 0 0
 0.0e+00 0.0e+00 0.0e+00 0.0e+00 0.0e+00
 0.0e+00 0.0e+00 0.0e+00 0.0e+00 0.0e+00
 0.0e+00 0.0e+00 0.0e+00
        -0.7243         4.5543        -1.2250
 -3.643628869e-03 -2.330162319e-03 -6.582065258e-03
 0 0 0 0 0 0 0 0 0 0 0 0 0
 0.0e+00 0.0e+00 0.0e+00 0.0e+00 0.0e+00
 0.0e+00 0.0e+00 0.0e+00 0.0e+00 0.0e+00
 0.0e+00 0.0e+00 0.0e+00
        -5.5684        16.5647        -9.3192
 -1.604554009e-03 -2.109851160e-03 -2.826453282e-03
 0 0 0 0 0 0 0 0 0 0 0 0 0
 0.0e+00 0.0e+00 0.0e+00 0.0e+00 0.0e+00
 0.0e+00 0.0e+00 0.0e+00 0.0e+00 0.0e+00
 0.0e+00 0.0e+00 0.0e+00
        -0.9950         6.1602        -1.5622
 -3.256406222e-03 -1.933024511e-03 -5.635544088e-03
 0 0 0 0 0 0 0 0 0 0 0 0 0
 0.0e+00 0.0e+00 0.0e+00 0.0e+00 0.0e+00
 0.0e+00 0.0e+00 0.0e+00 0.0e+00 0.0e+00
 0.0e+00 0.0e+00 0.0e+00
         7.9003         7.8049        13.4986
 -8.547890375e-04  3.678020551e-03 -1.623407645e-03
 0 0 0 0 0 0 0 0 0 0 0 0 0
 0.0e+00 0.0e+00 0.0e+00 0.0e+00 0.0e+00
 0.0e+00 0.0e+00 0.0e+00 0.0e+00 0.0e+00
 0.0e+00 0.0e+00 0.0e+00
        -0.9415        10.2211        -1.9278
 -2.532050947e-03 -1.073455348e-03 -4.553508275e-03
 0 0 0 0 0 0 0 0 0 0 0 0 0
 0.0e+00 0.0e+00 0.0e+00 0.0e+00 0.0e+00
 0.0e+00 0.0e+00 0.0e+00 0.0e+00 0.0e+00
 0.0e+00 0.0e+00 0.0e+00
        -6.0726        -7.6220       -10.7697
  1.139848348e-03 -3.854261351e-03  2.096024469e-03
 0 0 0 0 0 0 0 0 0 0 0 0 0
 0.0e+00 0.0e+00 0.0e+00 0.0e+00 0.0e+00
 0.0e+00 0.0e+00 0.0e+00 0.0e+00 0.0e+00
 0.0e+00 0.0e+00 0.0e+00
        -8.6797       -34.7598       -16.4137
  1.192770855e-03 -1.289068352e-03  2.109683678e-03
 0 0 0 0 0 0 0 0 0 0 0 0 0
 0.0e+00 0.0e+00 0.0e+00 0.0e+00 0.0e+00
 0.0e+00 0.0e+00 0.0e+00 0.0e+00 0.0e+00
 0.0e+00 0.0e+00 0.0e+00
        -5.3138         4.6157        -9.0606
 -1.052709157e-03 -4.666136114e-03 -1.767652088e-03
 0 0 0 0 0 0 0 0 0 0 0 0 0
 0.0e+00 0.0e+00 0.0e+00 0.0e+00 0.0e+00
 0.0e+00 0.0e+00 0.0e+00 0.0e+00 0.0e+00
 0.0e+00 0.0e+00 0.0e+00
         6.9248       -27.9019        12.4532
  1.364715971e-03  1.383546373e-03  2.392910134e-03
 0 0 0 0 0 0 0 0 0 0 0 0 0
 0.0e+00 0.0e+00 0.0e+00 0.0e+00 0.0e+00
 0.0e+00 0.0e+00 0.0e+00 0.0e+00 0.0e+00
 0.0e+00 0.0e+00 0.0e+00
        -2.5972        11.3868        -4.6649
 -2.149301010e-03 -2.022718389e-03 -3.836571166e-03
 0 0 0 0 0 0 0 0 0 0 0 0 0
 0.0e+00 0.0e+00 0.0e+00 0.0e+00 0.0e+00
 0.0e+00 0.0e+00 0.0e+00 0.0e+00 0.0e+00
 0.0e+00 0.0e+00 0.0e+00
         2.6378         3.6645         4.5443
 -1.873186716e-03  5.551565709e-03 -3.405782002e-03
 0 0 0 0 0 0 0 0 0 0 0 0 0
 0.0e+00 0.0e+00 0.0e+00 0.0e+00 0.0e+00
 0.0e+00 0.0e+00 0.0e+00 0.0e+00 0.0e+00
 0.0e+00 0.0e+00 0.0e+00
         4.2111        -7.1838         7.6175
  1.578640749e-03  3.933145229e-03  2.875952281e-03
 0 0 0 0 0 0 0 0 0 0 0 0 0
 0.0e+00 0.0e+00 0.0e+00 0.0e+00 0.0e+00
 0.0e+00 0.0e+00 0.0e+00 0.0e+00 0.0e+00
 0.0e+00 0.0e+00 0.0e+00
        17.0832         2.1251        29.8450
 -8.832826490e-05  2.926417617e-03 -1.294040494e-04
 0 0 0 0 0 0 0 0 0 0 0 0 0
 0.0e+00 0.0e+00 0.0e+00 0.0e+00 0.0e+00
 0.0e+00 0.0e+00 0.0e+00 0.0e+00 0.0e+00
 0.0e+00 0.0e+00 0.0e+00
        -7.1354         4.8993       -12.0918
 -7.107024724e-04 -4.228405626e-03 -1.291917320e-03
 0 0 0 0 0 0 0 0 0 0 0 0 0
 0.0e+00 0.0e+00 0.0e+00 0.0e+00 0.0e+00
 0.0e+00 0.0e+00 0.0e+00 0.0e+00 0.0e+00
 0.0e+00 0.0e+00 0.0e+00
        -8.1482        -9.4223       -14.0735
  1.006927173e-03 -3.412222674e-03  1.748783177e-03
 0 0 0 0 0 0 0 0 0 0 0 0 0
 0.0e+00 0.0e+00 0.0e+00 0.0e+00 0.0e+00
 0.0e+00 0.0e+00 0.0e+00 0.0e+00 0.0e+00
 0.0e+00 0.0e+00 0.0e+00
         1.5599         5.2469         2.7645
 -3.007591752e-03  3.598623845e-03 -5.124780922e-03
 0 0 0 0 0 0 0 0 0 0 0 0 0
 0.0e+00 0.0e+00 0.0e+00 0.0e+00 0.0e+00
 0.0e+00 0.0e+00 0.0e+00 0.0e+00 0.0e+00
 0.0e+00 0.0e+00 0.0e+00
       -10.0977         0.4994       -17.6090
 -7.429931665e-05 -3.806183195e-03 -6.617035987e-05
 0 0 0 0 0 0 0 0 0 0 0 0 0
 0.0e+00 0.0e+00 0.0e+00 0.0e+00 0.0e+00
 0.0e+00 0.0e+00 0.0e+00 0.0e+00 0.0e+00
 0.0e+00 0.0e+00 0.0e+00
        -0.3359         4.1075        -0.5063
 -4.136472463e-03 -1.289591961e-03 -7.271426056e-03
 0 0 0 0 0 0 0 0 0 0 0 0 0
 0.0e+00 0.0e+00 0.0e+00 0.0e+00 0.0e+00
 0.0e+00 0.0e+00 0.0e+00 0.0e+00 0.0e+00
 0.0e+00 0.0e+00 0.0e+00
         3.7802        -3.0034         6.7207
  1.091633464e-03  5.558718532e-03  1.898376298e-03
 0 0 0 0 0 0 0 0 0 0 0 0 0
 0.0e+00 0.0e+00 0.0e+00 0.0e+00 0.0e+00
 0.0e+00 0.0e+00 0.0e+00 0.0e+00 0.0e+00
 0.0e+00 0.0e+00 0.0e+00
        -4.1502        15.1966        -7.0211
 -1.761383349e-03 -1.953445293e-03 -3.208213465e-03
 0 0 0 0 0 0 0 0 0 0 0 0 0
 0.0e+00 0.0e+00 0.0e+00 0.0e+00 0.0e+00
 0.0e+00 0.0e+00 0.0e+00 0.0e+00 0.0e+00
 0.0e+00 0.0e+00 0.0e+00
        -4.2670       -26.8149        -6.6567
  1.533157438e-03 -9.373845828e-04  2.707482469e-03
 0 0 0 0 0 0 0 0 0 0 0 0 0
 0.0e+00 0.0e+00 0.0e+00 0.0e+00 0.0e+00
 0.0e+00 0.0e+00 0.0e+00 0.0e+00 0.0e+00
 0.0e+00 0.0e+00 0.0e+00
         6.3837        14.6531        11.6212
 -1.444326083e-03  2.596598640e-03 -2.485974101e-03
 0 0 0 0 0 0 0 0 0 0 0 0 0
 0.0e+00 0.0e+00 0.0e+00 0.0e+00 0.0e+00
 0.0e+00 0.0e+00 0.0e+00 0.0e+00 0.0e+00
 0.0e+00 0.0e+00 0.0e+00
         6.4442       -34.8069        12.0950
  1.260349034e-03  1.027993272e-03  2.294345595e-03
 0 0 0 0 0 0 0 0 0 0 0 0 0
 0.0e+00 0.0e+00 0.0e+00 0.0e+00 0.0e+00
 0.0e+00 0.0e+00 0.0e+00 0.0e+00 0.0e+00
 0.0e+00 0.0e+00 0.0e+00
         9.5050        -1.7758        17.1101
  1.884875319e-04  3.872325515e-03  2.952084261e-04
 0 0 0 0 0 0 0 0 0 0 0 0 0
 0.0e+00 0.0e+00 0.0e+00 0.0e+00 0.0e+00
 0.0e+00 0.0e+00 0.0e+00 0.0e+00 0.0e+00
 0.0e+00 0.0e+00 0.0e+00
        -1.9865        -9.9009        -3.5653
  2.411884812e-03 -1.981500364e-03  4.253847850e-03
 0 0 0 0 0 0 0 0 0 0 0 0 0
 0.0e+00 0.0e+00 0.0e+00 0.0e+00 0.0e+00
 0.0e+00 0.0e+00 0.0e+00 0.0e+00 0.0e+00
 0.0e+00 0.0e+00 0.0e+00
        16.3653         8.6200        28.4580
 -3.829368027e-04  2.855823174e-03 -6.532288108e-04
 0 0 0 0 0 0 0 0 0 0 0 0 0
 0.0e+00 0.0e+00 0.0e+00 0.0e+00 0.0e+00
 0.0e+00 0.0e+00 0.0e+00 0.0e+00 0.0e+00
 0.0e+00 0.0e+00 0.0e+00
         9.4909        22.3389        16.0742
 -1.177362428e-03  2.038447791e-03 -2.140656758e-03
 0 0 0 0 0 0 0 0 0 0 0 0 0
 0.0e+00 0.0e+00 0.0e+00 0.0e+00 0.0e+00
 0.0e+00 0.0e+00 0.0e+00 0.0e+00 0.0e+00
 0.0e+00 0.0e+00 0.0e+00
       -11.9110        28.9664       -20.6284
 -1.068552444e-03 -1.781477793e-03 -1.890288386e-03
 0 0 0 0 0 0 0 0 0 0 0 0 0
 0.0e+00 0.0e+00 0.0e+00 0.0e+00 0.0e+00
 0.0e+00 0.0e+00 0.0e+00 0.0e+00 0.0e+00
 0.0e+00 0.0e+00 0.0e+00
        -4.5196        19.0487        -7.5310
 -1.680527365e-03 -1.589554095e-03 -2.973139954e-03
 0 0 0 0 0 0 0 0 0 0 0 0 0
 0.0e+00 0.0e+00 0.0e+00 0.0e+00 0.0e+00
 0.0e+00 0.0e+00 0.0e+00 0.0e+00 0.0e+00
 0.0e+00 0.0e+00 0.0e+00
        13.7187        11.1173        23.4730
 -5.867343879e-04  2.935672292e-03 -1.082658548e-03
 0 0 0 0 0 0 0 0 0 0 0 0 0
 0.0e+00 0.0e+00 0.0e+00 0.0e+00 0.0e+00
 0.0e+00 0.0e+00 0.0e+00 0.0e+00 0.0e+00
 0.0e+00 0.0e+00 0.0e+00
         3.9966        -7.5653         6.8466
  1.781528055e-03  3.774132902e-03  3.079112121e-03
 0 0 0 0 0 0 0 0 0 0 0 0 0
 0.0e+00 0.0e+00 0.0e+00 0.0e+00 0.0e+00
 0.0e+00 0.0e+00 0.0e+00 0.0e+00 0.0e+00
 0.0e+00 0.0e+00 0.0e+00
        -1.2276         4.2669        -2.2327
 -3.314712649e-03 -3.950540922e-03 -5.714682198e-03
 0 0 0 0 0 0 0 0 0 0 0 0 0
 0.0e+00 0.0e+00 0.0e+00 0.0e+00 0.0e+00
 0.0e+00 0.0e+00 0.0e+00 0.0e+00 0.0e+00
 0.0e+00 0.0e+00 0.0e+00
        -3.0806         3.6067        -5.4356
 -1.579762482e-03 -5.551862192e-03 -2.786436958e-03
 0 0 0 0 0 0 0 0 0 0 0 0 0
 0.0e+00 0.0e+00 0.0e+00 0.0e+00 0.0e+00
 0.0e+00 0.0e+00 0.0e+00 0.0e+00 0.0e+00
 0.0e+00 0.0e+00 0.0e+00
         5.5446        -0.4725         9.8655
  1.695159564e-04  5.108407698e-03  1.615724853e-04
 0 0 0 0 0 0 0 0 0 0 0 0 0
 0.0e+00 0.0e+00 0.0e+00 0.0e+00 0.0e+00
 0.0e+00 0.0e+00 0.0e+00 0.0e+00 0.0e+00
 0.0e+00 0.0e+00 0.0e+00
         2.6988        13.1707         5.0189
 -2.029035989e-03  1.804934014e-03 -3.642831564e-03
 0 0 0 0 0 0 0 0 0 0 0 0 0
 0.0e+00 0.0e+00 0.0e+00 0.0e+00 0.0e+00
 0.0e+00 0.0e+00 0.0e+00 0.0e+00 0.0e+00
 0.0e+00 0.0e+00 0.0e+00
        -7.3815         2.8066       -13.0592
 -4.060339190e-04 -4.330986511e-03 -7.025518953e-04
 0 0 0 0 0 0 0 0 0 0 0 0 0
 0.0e+00 0.0e+00 0.0e+00 0.0e+00 0.0e+00
 0.0e+00 0.0e+00 0.0e+00 0.0e+00 0.0e+00
 0.0e+00 0.0e+00 0.0e+00
         1.7574       -22.1407         3.4256
  1.741687918e-03  6.298958173e-04  3.132167004e-03
 0 0 0 0 0 0 0 0 0 0 0 0 0
 0.0e+00 0.0e+00 0.0e+00 0.0e+00 0.0e+00
 0.0e+00 0.0e+00 0.0e+00 0.0e+00 0.0e+00
 0.0e+00 0.0e+00 0.0e+00
         5.7203        19.7213         9.2339
 -1.602639645e-03  1.754035722e-03 -2.740092823e-03
 0 0 0 0 0 0 0 0 0 0 0 0 0
 0.0e+00 0.0e+00 0.0e+00 0.0e+00 0.0e+00
 0.0e+00 0.0e+00 0.0e+00 0.0e+00 0.0e+00
 0.0e+00 0.0e+00 0.0e+00
        -7.9635       -35.4293       -13.0591
  1.269031607e-03 -1.103387202e-03  2.195580766e-03
 0 0 0 0 0 0 0 0 0 0 0 0 0
 0.0e+00 0.0e+00 0.0e+00 0.0e+00 0.0e+00
 0.0e+00 0.0e+00 0.0e+00 0.0e+00 0.0e+00
 0.0e+00 0.0e+00 0.0e+00
        -1.7607         3.6653        -3.0025
 -2.827274927e-03 -5.321114022e-03 -4.718171957e-03
 0 0 0 0 0 0 0 0 0 0 0 0 0
 0.0e+00 0.0e+00 0.0e+00 0.0e+00 0.0e+00
 0.0e+00 0.0e+00 0.0e+00 0.0e+00 0.0e+00
 0.0e+00 0.0e+00 0.0e+00
        -5.3722         8.0516        -9.5232
 -1.339843251e-03 -3.755241246e-03 -2.393817913e-03
 0 0 0 0 0 0 0 0 0 0 0 0 0
 0.0e+00 0.0e+00 0.0e+00 0.0e+00 0.0e+00
 0.0e+00 0.0e+00 0.0e+00 0.0e+00 0.0e+00
 0.0e+00 0.0e+00 0.0e+00
         2.8692        19.2165         5.6078
 -1.768873255e-03  1.198956581e-03 -3.174925466e-03
 0 0 0 0 0 0 0 0 0 0 0 0 0
 0.0e+00 0.0e+00 0.0e+00 0.0e+00 0.0e+00
 0.0e+00 0.0e+00 0.0e+00 0.0e+00 0.0e+00
 0.0e+00 0.0e+00 0.0e+00
        -3.4647        16.0706        -6.3378
 -1.876000306e-03 -1.682409252e-03 -3.235543740e-03
 0 0 0 0 0 0 0 0 0 0 0 0 0
 0.0e+00 0.0e+00 0.0e+00 0.0e+00 0.0e+00
 0.0e+00 0.0e+00 0.0e+00 0.0e+00 0.0e+00
 0.0e+00 0.0e+00 0.0e+00
         4.8759        20.7892         8.6104
 -1.571376556e-03  1.548146229e-03 -2.826720179e-03
 0 0 0 0 0 0 0 0 0 0 0 0 0
 0.0e+00 0.0e+00 0.0e+00 0.0e+00 0.0e+00
 0.0e+00 0.0e+00 0.0e+00 0.0e+00 0.0e+00
 0.0e+00 0.0e+00 0.0e+00
        -0.6554        -4.3732        -1.1871
  3.738832945e-03 -2.388039037e-03  6.700201614e-03
 0 0 0 0 0 0 0 0 0 0 0 0 0
 0.0e+00 0.0e+00 0.0e+00 0.0e+00 0.0e+00
 0.0e+00 0.0e+00 0.0e+00 0.0e+00 0.0e+00
 0.0e+00 0.0e+00 0.0e+00
        -7.3977         7.8688       -12.7195
 -9.769434209e-04 -3.698978865e-03 -1.727469381e-03
 0 0 0 0 0 0 0 0 0 0 0 0 0
 0.0e+00 0.0e+00 0.0e+00 0.0e+00 0.0e+00
 0.0e+00 0.0e+00 0.0e+00 0.0e+00 0.0e+00
 0.0e+00 0.0e+00 0.0e+00
         3.6623        19.0130         6.1387
 -1.808546953e-03  1.355992223e-03 -3.072521751e-03
 0 0 0 0 0 0 0 0 0 0 0 0 0
 0.0e+00 0.0e+00 0.0e+00 0.0e+00 0.0e+00
 0.0e+00 0.0e+00 0.0e+00 0.0e+00 0.0e+00
 0.0e+00 0.0e+00 0.0e+00
        -0.5181         4.9743        -0.9264
 -3.589960384e-03 -1.653363426e-03 -6.537797783e-03
 0 0 0 0 0 0 0 0 0 0 0 0 0
 0.0e+00 0.0e+00 0.0e+00 0.0e+00 0.0e+00
 0.0e+00 0.0e+00 0.0e+00 0.0e+00 0.0e+00
 0.0e+00 0.0e+00 0.0e+00
         9.5230       -21.5862        15.8215
  1.251327043e-03  2.092788746e-03  2.125821866e-03
 0 0 0 0 0 0 0 0 0 0 0 0 0
 0.0e+00 0.0e+00 0.0e+00 0.0e+00 0.0e+00
 0.0e+00 0.0e+00 0.0e+00 0.0e+00 0.0e+00
 0.0e+00 0.0e+00 0.0e+00
        -3.9556        -9.6507        -6.4220
  1.935328612e-03 -3.018664952e-03  3.353037389e-03
 0 0 0 0 0 0 0 0 0 0 0 0 0
 0.0e+00 0.0e+00 0.0e+00 0.0e+00 0.0e+00
 0.0e+00 0.0e+00 0.0e+00 0.0e+00 0.0e+00
 0.0e+00 0.0e+00 0.0e+00
         9.0514        10.8438        16.5285
 -9.093791935e-04  3.186226889e-03 -1.631787380e-03
 0 0 0 0 0 0 0 0 0 0 0 0 0
 0.0e+00 0.0e+00 0.0e+00 0.0e+00 0.0e+00
 0.0e+00 0.0e+00 0.0e+00 0.0e+00 0.0e+00
 0.0e+00 0.0e+00 0.0e+00
         6.7622        -7.2057        11.9780
  1.057849327e-03  3.863795485e-03  1.735705388e-03
 0 0 0 0 0 0 0 0 0 0 0 0 0
 0.0e+00 0.0e+00 0.0e+00 0.0e+00 0.0e+00
 0.0e+00 0.0e+00 0.0e+00 0.0e+00 0.0e+00
 0.0e+00 0.0e+00 0.0e+00
        -3.2719       -12.2679        -5.3999
  1.999633364e-03 -2.119306813e-03  3.603534640e-03
 0 0 0 0 0 0 0 0 0 0 0 0 0
 0.0e+00 0.0e+00 0.0e+00 0.0e+00 0.0e+00
 0.0e+00 0.0e+00 0.0e+00 0.0e+00 0.0e+00
 0.0e+00 0.0e+00 0.0e+00
       -18.3227        -6.8032       -32.7631
  2.840759596e-04 -2.746725370e-03  4.157058528e-04
 0 0 0 0 0 0 0 0 0 0 0 0 0
 0.0e+00 0.0e+00 0.0e+00 0.0e+00 0.0e+00
 0.0e+00 0.0e+00 0.0e+00 0.0e+00 0.0e+00
 0.0e+00 0.0e+00 0.0e+00
         2.3786        -0.4019         4.1094
  4.390070353e-04  7.873529294e-03  5.585676432e-04
 0 0 0 0 0 0 0 0 0 0 0 0 0
 0.0e+00 0.0e+00 0.0e+00 0.0e+00 0.0e+00
 0.0e+00 0.0e+00 0.0e+00 0.0e+00 0.0e+00
 0.0e+00 0.0e+00 0.0e+00
       -15.7991        -5.8163       -27.9754
  2.131239929e-04 -2.960091471e-03  4.833034327e-04
 0 0 0 0 0 0 0 0 0 0 0 0 0
 0.0e+00 0.0e+00 0.0e+00 0.0e+00 0.0e+00
 0.0e+00 0.0e+00 0.0e+00 0.0e+00 0.0e+00
 0.0e+00 0.0e+00 0.0e+00
         7.0965       -23.1679        12.4790
  1.406099915e-03  1.710950615e-03  2.428883598e-03
 0 0 0 0 0 0 0 0 0 0 0 0 0
 0.0e+00 0.0e+00 0.0e+00 0.0e+00 0.0e+00
 0.0e+00 0.0e+00 0.0e+00 0.0e+00 0.0e+00
 0.0e+00 0.0e+00 0.0e+00
         1.9025        -4.0078         3.3579
  2.616302578e-03  5.054557689e-03  4.554731277e-03
 0 0 0 0 0 0 0 0 0 0 0 0 0
 0.0e+00 0.0e+00 0.0e+00 0.0e+00 0.0e+00
 0.0e+00 0.0e+00 0.0e+00 0.0e+00 0.0e+00
 0.0e+00 0.0e+00 0.0e+00
        -0.7054        -8.6920        -1.1772
  2.893883731e-03 -8.916850336e-04  4.938078186e-03
 0 0 0 0 0 0 0 0 0 0 0 0 0
 0.0e+00 0.0e+00 0.0e+00 0.0e+00 0.0e+00
 0.0e+00 0.0e+00 0.0e+00 0.0e+00 0.0e+00
 0.0e+00 0.0e+00 0.0e+00
        -2.0495       -14.0013        -3.3007
  2.182001163e-03 -1.208076130e-03  3.740141120e-03
 0 0 0 0 0 0 0 0 0 0 0 0 0
 0.0e+00 0.0e+00 0.0e+00 0.0e+00 0.0e+00
 0.0e+00 0.0e+00 0.0e+00 0.0e+00 0.0e+00
 0.0e+00 0.0e+00 0.0e+00
        -1.5477        11.0732        -2.3061
 -2.450883731e-03 -1.259752379e-03 -4.278034197e-03
 0 0 0 0 0 0 0 0 0 0 0 0 0
 0.0e+00 0.0e+00 0.0e+00 0.0e+00 0.0e+00
 0.0e+00 0.0e+00 0.0e+00 0.0e+00 0.0e+00
 0.0e+00 0.0e+00 0.0e+00
         5.2428        24.5947         9.4102
 -1.451459801e-03  1.335670440e-03 -2.658274997e-03
 0 0 0 0 0 0 0 0 0 0 0 0 0
 0.0e+00 0.0e+00 0.0e+00 0.0e+00 0.0e+00
 0.0e+00 0.0e+00 0.0e+00 0.0e+00 0.0e+00
 0.0e+00 0.0e+00 0.0e+00
         8.2996        -1.8218        14.8445
  2.338312830e-04  4.119656986e-03  3.697915098e-04
 0 0 0 0 0 0 0 0 0 0 0 0 0
 0.0e+00 0.0e+00 0.0e+00 0.0e+00 0.0e+00
 0.0e+00 0.0e+00 0.0e+00 0.0e+00 0.0e+00
 0.0e+00 0.0e+00 0.0e+00
       -14.6824        19.6891       -25.8316
 -8.133795865e-04 -2.406625088e-03 -1.387366948e-03
 0 0 0 0 0 0 0 0 0 0 0 0 0
 0.0e+00 0.0e+00 0.0e+00 0.0e+00 0.0e+00
 0.0e+00 0.0e+00 0.0e+00 0.0e+00 0.0e+00
 0.0e+00 0.0e+00 0.0e+00
        -0.8869       -20.2787        -1.0042
  1.853327038e-03 -2.585769254e-04  3.333298050e-03
 0 0 0 0 0 0 0 0 0 0 0 0 0
 0.0e+00 0.0e+00 0.0e+00 0.0e+00 0.0e+00
 0.0e+00 0.0e+00 0.0e+00 0.0e+00 0.0e+00
 0.0e+00 0.0e+00 0.0e+00
         8.4684       -18.5547        14.3689
  1.268111236e-03  2.305114085e-03  2.227183308e-03
 0 0 0 0 0 0 0 0 0 0 0 0 0
 0.0e+00 0.0e+00 0.0e+00 0.0e+00 0.0e+00
 0.0e+00 0.0e+00 0.0e+00 0.0e+00 0.0e+00
 0.0e+00 0.0e+00 0.0e+00
       -13.1387        -0.2558       -22.0963
  6.518651865e-06 -3.391912670e-03  4.845103826e-05
 0 0 0 0 0 0 0 0 0 0 0 0 0
 0.0e+00 0.0e+00 0.0e+00 0.0e+00 0.0e+00
 0.0e+00 0.0e+00 0.0e+00 0.0e+00 0.0e+00
 0.0e+00 0.0e+00 0.0e+00
        -1.4542        -5.6674        -2.6361
  2.892384000e-03 -3.229736081e-03  5.229779254e-03
 0 0 0 0 0 0 0 0 0 0 0 0 0
 0.0e+00 0.0e+00 0.0e+00 0.0e+00 0.0e+00
 0.0e+00 0.0e+00 0.0e+00 0.0e+00 0.0e+00
 0.0e+00 0.0e+00 0.0e+00
        -4.7813        39.0859        -7.1140
 -1.340246158e-03 -5.680242783e-04 -2.297106635e-03
 0 0 0 0 0 0 0 0 0 0 0 0 0
 0.0e+00 0.0e+00 0.0e+00 0.0e+00 0.0e+00
 0.0e+00 0.0e+00 0.0e+00 0.0e+00 0.0e+00
 0.0e+00 0.0e+00 0.0e+00
        -2.5941         3.8406        -4.6854
 -1.929155006e-03 -5.419884571e-03 -3.452579272e-03
 0 0 0 0 0 0 0 0 0 0 0 0 0
 0.0e+00 0.0e+00 0.0e+00 0.0e+00 0.0e+00
 0.0e+00 0.0e+00 0.0e+00 0.0e+00 0.0e+00
 0.0e+00 0.0e+00 0.0e+00
       -17.2789        16.6165       -29.1240
 -6.343963685e-04 -2.516379692e-03 -1.066501774e-03
 0 0 0 0 0 0 0 0 0 0 0 0 0
 0.0e+00 0.0e+00 0.0e+00 0.0e+00 0.0e+00
 0.0e+00 0.0e+00 0.0e+00 0.0e+00 0.0e+00
 0.0e+00 0.0e+00 0.0e+00
        -3.1957        24.4620        -5.9199
 -1.590128011e-03 -8.849845049e-04 -2.890382957e-03
 0 0 0 0 0 0 0 0 0 0 0 0 0
 0.0e+00 0.0e+00 0.0e+00 0.0e+00 0.0e+00
 0.0e+00 0.0e+00 0.0e+00 0.0e+00 0.0e+00
 0.0e+00 0.0e+00 0.0e+00
        -7.6267       -22.2692       -13.1827
  1.326590118e-03 -1.870918649e-03  2.392114957e-03
 0 0 0 0 0 0 0 0 0 0 0 0 0
 0.0e+00 0.0e+00 0.0e+00 0.0e+00 0.0e+00
 0.0e+00 0.0e+00 0.0e+00 0.0e+00 0.0e+00
 0.0e+00 0.0e+00 0.0e+00
        -5.9406         2.8448       -10.7570
 -5.176253176e-04 -4.741850063e-03 -9.364571702e-04
 0 0 0 0 0 0 0 0 0 0 0 0 0
 0.0e+00 0.0e+00 0.0e+00 0.0e+00 0.0e+00
 0.0e+00 0.0e+00 0.0e+00 0.0e+00 0.0e+00
 0.0e+00 0.0e+00 0.0e+00
       -11.9376       -17.5886       -20.5729
  9.068064764e-04 -2.531665230e-03  1.640618818e-03
 0 0 0 0 0 0 0 0 0 0 0 0 0
 0.0e+00 0.0e+00 0.0e+00 0.0e+00 0.0e+00
 0.0e+00 0.0e+00 0.0e+00 0.0e+00 0.0e+00
 0.0e+00 0.0e+00 0.0e+00
         4.2692        -3.2010         7.2834
  9.577362331e-04  5.359570593e-03  1.789850213e-03
 0 0 0 0 0 0 0 0 0 0 0 0 0
 0.0e+00 0.0e+00 0.0e+00 0.0e+00 0.0e+00
 0.0e+00 0.0e+00 0.0e+00 0.0e+00 0.0e+00
 0.0e+00 0.0e+00 0.0e+00
        14.5100        23.0391        24.7647
 -8.807737738e-04  2.210327493e-03 -1.532456145e-03
 0 0 0 0 0 0 0 0 0 0 0 0 0
 0.0e+00 0.0e+00 0.0e+00 0.0e+00 0.0e+00
 0.0e+00 0.0e+00 0.0e+00 0.0e+00 0.0e+00
 0.0e+00 0.0e+00 0.0e+00
         2.0922         0.6681         3.6496
 -7.016945870e-04  8.239944304e-03 -1.076006135e-03
 0 0 0 0 0 0 0 0 0 0 0 0 0
 0.0e+00 0.0e+00 0.0e+00 0.0e+00 0.0e+00
 0.0e+00 0.0e+00 0.0e+00 0.0e+00 0.0e+00
 0.0e+00 0.0e+00 0.0e+00
        -0.2305        16.5551        -0.3370
 -2.052329694e-03 -1.043458819e-04 -3.688628155e-03
 0 0 0 0 0 0 0 0 0 0 0 0 0
 0.0e+00 0.0e+00 0.0e+00 0.0e+00 0.0e+00
 0.0e+00 0.0e+00 0.0e+00 0.0e+00 0.0e+00
 0.0e+00 0.0e+00 0.0e+00
        -9.7827        10.8152       -17.0608
 -8.216928881e-04 -3.194502599e-03 -1.511914868e-03
 0 0 0 0 0 0 0 0 0 0 0 0 0
 0.0e+00 0.0e+00 0.0e+00 0.0e+00 0.0e+00
 0.0e+00 0.0e+00 0.0e+00 0.0e+00 0.0e+00
 0.0e+00 0.0e+00 0.0e+00
        -8.0145       -25.9547       -14.9137
  1.268296471e-03 -1.691692906e-03  2.256220913e-03
 0 0 0 0 0 0 0 0 0 0 0 0 0
 0.0e+00 0.0e+00 0.0e+00 0.0e+00 0.0e+00
 0.0e+00 0.0e+00 0.0e+00 0.0e+00 0.0e+00
 0.0e+00 0.0e+00 0.0e+00
       -17.0957        18.2255       -30.2669
 -6.009800578e-04 -2.439490457e-03 -1.103925843e-03
 0 0 0 0 0 0 0 0 0 0 0 0 0
 0.0e+00 0.0e+00 0.0e+00 0.0e+00 0.0e+00
 0.0e+00 0.0e+00 0.0e+00 0.0e+00 0.0e+00
 0.0e+00 0.0e+00 0.0e+00
        -0.1200         4.0712        -0.3251
 -4.187385664e-03 -7.346791329e-04 -7.393216113e-03
 0 0 0 0 0 0 0 0 0 0 0 0 0
 0.0e+00 0.0e+00 0.0e+00 0.0e+00 0.0e+00
 0.0e+00 0.0e+00 0.0e+00 0.0e+00 0.0e+00
 0.0e+00 0.0e+00 0.0e+00
        -0.6986       -20.8660        -0.8372
  1.908150086e-03 -1.898974349e-04  3.244195747e-03
 0 0 0 0 0 0 0 0 0 0 0 0 0
 0.0e+00 0.0e+00 0.0e+00 0.0e+00 0.0e+00
 0.0e+00 0.0e+00 0.0e+00 0.0e+00 0.0e+00
 0.0e+00 0.0e+00 0.0e+00
         4.0667       -16.7762         7.1698
  1.769969153e-03  1.786392130e-03  3.099114003e-03
 0 0 0 0 0 0 0 0 0 0 0 0 0
 0.0e+00 0.0e+00 0.0e+00 0.0e+00 0.0e+00
 0.0e+00 0.0e+00 0.0e+00 0.0e+00 0.0e+00
 0.0e+00 0.0e+00 0.0e+00
        11.7550        12.4614        21.5039
 -7.710239089e-04  2.937603269e-03 -1.288149725e-03
 0 0 0 0 0 0 0 0 0 0 0 0 0
 0.0e+00 0.0e+00 0.0e+00 0.0e+00 0.0e+00
 0.0e+00 0.0e+00 0.0e+00 0.0e+00 0.0e+00
 0.0e+00 0.0e+00 0.0e+00
        16.8035        -7.3773        30.2876
  2.914863981e-04  2.829460829e-03  5.227634089e-04
 0 0 0 0 0 0 0 0 0 0 0 0 0
 0.0e+00 0.0e+00 0.0e+00 0.0e+00 0.0e+00
 0.0e+00 0.0e+00 0.0e+00 0.0e+00 0.0e+00
 0.0e+00 0.0e+00 0.0e+00
        -4.8885         9.3015        -8.2666
 -1.667257233e-03 -3.398067479e-03 -2.797496386e-03
 0 0 0 0 0 0 0 0 0 0 0 0 0
 0.0e+00 0.0e+00 0.0e+00 0.0e+00 0.0e+00
 0.0e+00 0.0e+00 0.0e+00 0.0e+00 0.0e+00
 0.0e+00 0.0e+00 0.0e+00
         1.8751        13.3546         3.0452
 -2.244361131e-03  1.203222610e-03 -3.886023843e-03
 0 0 0 0 0 0 0 0 0 0 0 0 0
 0.0e+00 0.0e+00 0.0e+00 0.0e+00 0.0e+00
 0.0e+00 0.0e+00 0.0e+00 0.0e+00 0.0e+00
 0.0e+00 0.0e+00 0.0e+00
        -9.0665       -14.5782       -15.6574
  1.061524886e-03 -2.779972959e-03  1.973221924e-03
 0 0 0 0 0 0 0 0 0 0 0 0 0
 0.0e+00 0.0e+00 0.0e+00 0.0e+00 0.0e+00
 0.0e+00 0.0e+00 0.0e+00 0.0e+00 0.0e+00
 0.0e+00 0.0e+00 0.0e+00
        -9.6100        -3.4234       -17.1152
  3.709609519e-04 -3.799006426e-03  5.512446939e-04
 0 0 0 0 0 0 0 0 0 0 0 0 0
 0.0e+00 0.0e+00 0.0e+00 0.0e+00 0.0e+00
 0.0e+00 0.0e+00 0.0e+00 0.0e+00 0.0e+00
 0.0e+00 0.0e+00 0.0e+00
        -3.2186        -3.1604        -5.6303
  1.361912207e-03 -5.769667942e-03  2.465530007e-03
 0 0 0 0 0 0 0 0 0 0 0 0 0
 0.0e+00 0.0e+00 0.0e+00 0.0e+00 0.0e+00
 0.0e+00 0.0e+00 0.0e+00 0.0e+00 0.0e+00
 0.0e+00 0.0e+00 0.0e+00
        -1.7870        39.0601        -2.9345
 -1.357387628e-03 -2.315638547e-04 -2.376258405e-03
 0 0 0 0 0 0 0 0 0 0 0 0 0
 0.0e+00 0.0e+00 0.0e+00 0.0e+00 0.0e+00
 0.0e+00 0.0e+00 0.0e+00 0.0e+00 0.0e+00
 0.0e+00 0.0e+00 0.0e+00
        -5.2465        22.1843        -9.8692
 -1.524353325e-03 -1.557266883e-03 -2.687242012e-03
 0 0 0 0 0 0 0 0 0 0 0 0 0
 0.0e+00 0.0e+00 0.0e+00 0.0e+00 0.0e+00
 0.0e+00 0.0e+00 0.0e+00 0.0e+00 0.0e+00
 0.0e+00 0.0e+00 0.0e+00
        10.8036       -20.3517        18.8343
  1.083956673e-03  2.313696066e-03  1.858012050e-03
 0 0 0 0 0 0 0 0 0 0 0 0 0
 0.0e+00 0.0e+00 0.0e+00 0.0e+00 0.0e+00
 0.0e+00 0.0e+00 0.0e+00 0.0e+00 0.0e+00
 0.0e+00 0.0e+00 0.0e+00
        -5.7229        19.4537       -10.5224
 -1.480993301e-03 -1.894522371e-03 -2.664020089e-03
 0 0 0 0 0 0 0 0 0 0 0 0 0
 0.0e+00 0.0e+00 0.0e+00 0.0e+00 0.0e+00
 0.0e+00 0.0e+00 0.0e+00 0.0e+00 0.0e+00
 0.0e+00 0.0e+00 0.0e+00
         0.7066        -7.8610         1.3349
  3.044396298e-03  1.134910955e-03  5.131993740e-03
 0 0 0 0 0 0 0 0 0 0 0 0 0
 0.0e+00 0.0e+00 0.0e+00 0.0e+00 0.0e+00
 0.0e+00 0.0e+00 0.0e+00 0.0e+00 0.0e+00
 0.0e+00 0.0e+00 0.0e+00
         7.1803         1.5168        12.9450
 -2.102693947e-04  4.433705564e-03 -4.079242171e-04
 0 0 0 0 0 0 0 0 0 0 0 0 0
 0.0e+00 0.0e+00 0.0e+00 0.0e+00 0.0e+00
 0.0e+00 0.0e+00 0.0e+00 0.0e+00 0.0e+00
 0.0e+00 0.0e+00 0.0e+00
         1.1090         9.0412         2.2565
 -2.679491221e-03  1.512653386e-03 -4.699011039e-03
 0 0 0 0 0 0 0 0 0 0 0 0 0
 0.0e+00 0.0e+00 0.0e+00 0.0e+00 0.0e+00
 0.0e+00 0.0e+00 0.0e+00 0.0e+00 0.0e+00
 0.0e+00 0.0e+00 0.0e+00
        -8.7685         6.1531       -14.7640
 -6.874200595e-04 -3.805344950e-03 -1.129109053e-03
 0 0 0 0 0 0 0 0 0 0 0 0 0
 0.0e+00 0.0e+00 0.0e+00 0.0e+00 0.0e+00
 0.0e+00 0.0e+00 0.0e+00 0.0e+00 0.0e+00
 0.0e+00 0.0e+00 0.0e+00
        -4.7620        -7.0803        -8.1350
  1.422271747e-03 -4.029027517e-03  2.665356112e-03
 0 0 0 0 0 0 0 0 0 0 0 0 0
 0.0e+00 0.0e+00 0.0e+00 0.0e+00 0.0e+00
 0.0e+00 0.0e+00 0.0e+00 0.0e+00 0.0e+00
 0.0e+00 0.0e+00 0.0e+00
        -2.1556        24.0254        -4.0960
 -1.725568934e-03 -6.562281544e-04 -2.953228587e-03
 0 0 0 0 0 0 0 0 0 0 0 0 0
 0.0e+00 0.0e+00 0.0e+00 0.0e+00 0.0e+00
 0.0e+00 0.0e+00 0.0e+00 0.0e+00 0.0e+00
 0.0e+00 0.0e+00 0.0e+00
         1.0829        -3.9159         1.9586
  3.528324278e-03  4.050707180e-03  6.061810621e-03
 0 0 0 0 0 0 0 0 0 0 0 0 0
 0.0e+00 0.0e+00 0.0e+00 0.0e+00 0.0e+00
 0.0e+00 0.0e+00 0.0e+00 0.0e+00 0.0e+00
 0.0e+00 0.0e+00 0.0e+00
         4.7466        -1.0932         8.1560
  3.863077340e-04  5.534302499e-03  5.740784637e-04
 0 0 0 0 0 0 0 0 0 0 0 0 0
 0.0e+00 0.0e+00 0.0e+00 0.0e+00 0.0e+00
 0.0e+00 0.0e+00 0.0e+00 0.0e+00 0.0e+00
 0.0e+00 0.0e+00 0.0e+00
        -2.3583         0.8871        -4.0457
 -8.348784879e-04 -7.754054824e-03 -1.208279653e-03
 0 0 0 0 0 0 0 0 0 0 0 0 0
 0.0e+00 0.0e+00 0.0e+00 0.0e+00 0.0e+00
 0.0e+00 0.0e+00 0.0e+00 0.0e+00 0.0e+00
 0.0e+00 0.0e+00 0.0e+00
        -4.4447       -10.2519        -7.5553
  1.756634202e-03 -3.024027097e-03  3.090831390e-03
 0 0 0 0 0 0 0 0 0 0 0 0 0
 0.0e+00 0.0e+00 0.0e+00 0.0e+00 0.0e+00
 0.0e+00 0.0e+00 0.0e+00 0.0e+00 0.0e+00
 0.0e+00 0.0e+00 0.0e+00
         1.6133         3.0895         2.7449
 -2.685790130e-03  5.851853116e-03 -4.980840315e-03
 0 0 0 0 0 0 0 0 0 0 0 0 0
 0.0e+00 0.0e+00 0.0e+00 0.0e+00 0.0e+00
 0.0e+00 0.0e+00 0.0e+00 0.0e+00 0.0e+00
 0.0e+00 0.0e+00 0.0e+00
        -3.5839        -2.2799        -6.2926
  1.019406425e-03 -5.964672867e-03  1.589347502e-03
 0 0 0 0 0 0 0 0 0 0 0 0 0
 0.0e+00 0.0e+00 0.0e+00 0.0e+00 0.0e+00
 0.0e+00 0.0e+00 0.0e+00 0.0e+00 0.0e+00
 0.0e+00 0.0e+00 0.0e+00
        -0.3979        -9.2454        -0.4453
  2.806824980e-03 -3.562000017e-04  4.903641930e-03
 0 0 0 0 0 0 0 0 0 0 0 0 0
 0.0e+00 0.0e+00 0.0e+00 0.0e+00 0.0e+00
 0.0e+00 0.0e+00 0.0e+00 0.0e+00 0.0e+00
 0.0e+00 0.0e+00 0.0e+00
         2.7935         7.4473         4.7440
 -2.182785867e-03  3.358081228e-03 -4.005533390e-03
 0 0 0 0 0 0 0 0 0 0 0 0 0
 0.0e+00 0.0e+00 0.0e+00 0.0e+00 0.0e+00
 0.0e+00 0.0e+00 0.0e+00 0.0e+00 0.0e+00
 0.0e+00 0.0e+00 0.0e+00
        -0.5312        -5.3648        -0.8312
  3.624600209e-03 -1.278773830e-03  6.277429582e-03
 0 0 0 0 0 0 0 0 0 0 0 0 0
 0.0e+00 0.0e+00 0.0e+00 0.0e+00 0.0e+00
 0.0e+00 0.0e+00 0.0e+00 0.0e+00 0.0e+00
 0.0e+00 0.0e+00 0.0e+00
         2.9549        13.7692         5.1663
 -2.094439899e-03  1.738597971e-03 -3.532134941e-03
 0 0 0 0 0 0 0 0 0 0 0 0 0
 0.0e+00 0.0e+00 0.0e+00 0.0e+00 0.0e+00
 0.0e+00 0.0e+00 0.0e+00 0.0e+00 0.0e+00
 0.0e+00 0.0e+00 0.0e+00
         0.0168        23.6943         0.6507
 -1.726126789e-03  1.077487257e-04 -3.086874718e-03
 0 0 0 0 0 0 0 0 0 0 0 0 0
 0.0e+00 0.0e+00 0.0e+00 0.0e+00 0.0e+00
 0.0e+00 0.0e+00 0.0e+00 0.0e+00 0.0e+00
 0.0e+00 0.0e+00 0.0e+00
         0.3781        -6.3336         0.6732
  3.427871973e-03  8.121992051e-04  5.822186189e-03
 0 0 0 0 0 0 0 0 0 0 0 0 0
 0.0e+00 0.0e+00 0.0e+00 0.0e+00 0.0e+00
 0.0e+00 0.0e+00 0.0e+00 0.0e+00 0.0e+00
 0.0e+00 0.0e+00 0.0e+00
        -4.1063        -2.0721        -6.9197
  7.447544340e-04 -5.790434285e-03  1.298822236e-03
 0 0 0 0 0 0 0 0 0 0 0 0 0
 0.0e+00 0.0e+00 0.0e+00 0.0e+00 0.0e+00
 0.0e+00 0.0e+00 0.0e+00 0.0e+00 0.0e+00
 0.0e+00 0.0e+00 0.0e+00
         9.3119        25.7699        16.4639
 -1.225207150e-03  1.795162809e-03 -2.138187194e-03
 0 0 0 0 0 0 0 0 0 0 0 0 0
 0.0e+00 0.0e+00 0.0e+00 0.0e+00 0.0e+00
 0.0e+00 0.0e+00 0.0e+00 0.0e+00 0.0e+00
 0.0e+00 0.0e+00 0.0e+00
        -1.3968        11.3288        -2.2054
 -2.412700537e-03 -1.116913584e-03 -4.292191043e-03
 0 0 0 0 0 0 0 0 0 0 0 0 0
 0.0e+00 0.0e+00 0.0e+00 0.0e+00 0.0e+00
 0.0e+00 0.0e+00 0.0e+00 0.0e+00 0.0e+00
 0.0e+00 0.0e+00 0.0e+00
        -3.0667        -4.6534        -5.0977
  1.886315829e-03 -4.912898907e-03  3.384887208e-03
 0 0 0 0 0 0 0 0 0 0 0 0 0
 0.0e+00 0.0e+00 0.0e+00 0.0e+00 0.0e+00
 0.0e+00 0.0e+00 0.0e+00 0.0e+00 0.0e+00
 0.0e+00 0.0e+00 0.0e+00
        -0.0713         5.1795        -0.1520
 -3.748947626e-03 -2.069267966e-04 -6.567209099e-03
 0 0 0 0 0 0 0 0 0 0 0 0 0
 0.0e+00 0.0e+00 0.0e+00 0.0e+00 0.0e+00
 0.0e+00 0.0e+00 0.0e+00 0.0e+00 0.0e+00
 0.0e+00 0.0e+00 0.0e+00
        -0.9587         8.1736        -1.7145
 -2.871939343e-03 -1.425666939e-03 -5.003839078e-03
 0 0 0 0 0 0 0 0 0 0 0 0 0
 0.0e+00 0.0e+00 0.0e+00 0.0e+00 0.0e+00
 0.0e+00 0.0e+00 0.0e+00 0.0e+00 0.0e+00
 0.0e+00 0.0e+00 0.0e+00
        17.8351         8.8002        31.6371
 -3.043345650e-04  2.737825923e-03 -5.956288421e-04
 0 0 0 0 0 0 0 0 0 0 0 0 0
 0.0e+00 0.0e+00 0.0e+00 0.0e+00 0.0e+00
 0.0e+00 0.0e+00 0.0e+00 0.0e+00 0.0e+00
 0.0e+00 0.0e+00 0.0e+00
         1.8794        -5.6484         3.1916
  2.724284346e-03  3.594201946e-03  4.862338455e-03
 0 0 0 0 0 0 0 0 0 0 0 0 0
 0.0e+00 0.0e+00 0.0e+00 0.0e+00 0.0e+00
 0.0e+00 0.0e+00 0.0e+00 0.0e+00 0.0e+00
 0.0e+00 0.0e+00 0.0e+00
         8.7366        13.1250        15.3870
 -1.128603171e-03  2.941917797e-03 -1.873870414e-03
 0 0 0 0 0 0 0 0 0 0 0 0 0
 0.0e+00 0.0e+00 0.0e+00 0.0e+00 0.0e+00
 0.0e+00 0.0e+00 0.0e+00 0.0e+00 0.0e+00
 0.0e+00 0.0e+00 0.0e+00
         1.7348        23.3824         3.0571
 -1.788440711e-03  5.260045920e-04 -3.009344103e-03
 0 0 0 0 0 0 0 0 0 0 0 0 0
 0.0e+00 0.0e+00 0.0e+00 0.0e+00 0.0e+00
 0.0e+00 0.0e+00 0.0e+00 0.0e+00 0.0e+00
 0.0e+00 0.0e+00 0.0e+00
         1.4695        -3.1000         2.5877
  3.025934797e-03  5.710681587e-03  5.202682010e-03
 0 0 0 0 0 0 0 0 0 0 0 0 0
 0.0e+00 0.0e+00 0.0e+00 0.0e+00 0.0e+00
 0.0e+00 0.0e+00 0.0e+00 0.0e+00 0.0e+00
 0.0e+00 0.0e+00 0.0e+00
         6.6922         2.7559        11.9612
 -4.648141432e-04  4.516494482e-03 -8.015721932e-04
 0 0 0 0 0 0 0 0 0 0 0 0 0
 0.0e+00 0.0e+00 0.0e+00 0.0e+00 0.0e+00
 0.0e+00 0.0e+00 0.0e+00 0.0e+00 0.0e+00
 0.0e+00 0.0e+00 0.0e+00
        -3.8422        -7.7419        -6.7763
  1.783799825e-03 -3.695484097e-03  3.175735446e-03
 0 0 0 0 0 0 0 0 0 0 0 0 0
 0.0e+00 0.0e+00 0.0e+00 0.0e+00 0.0e+00
 0.0e+00 0.0e+00 0.0e+00 0.0e+00 0.0e+00
 0.0e+00 0.0e+00 0.0e+00
        -2.7156         0.9306        -4.6313
 -5.850862400e-04 -7.266451078e-03 -1.129253121e-03
 0 0 0 0 0 0 0 0 0 0 0 0 0
 0.0e+00 0.0e+00 0.0e+00 0.0e+00 0.0e+00
 0.0e+00 0.0e+00 0.0e+00 0.0e+00 0.0e+00
 0.0e+00 0.0e+00 0.0e+00
        -9.5572       -18.1110       -16.3090
  1.142780682e-03 -2.454701228e-03  2.006867298e-03
 0 0 0 0 0 0 0 0 0 0 0 0 0
 0.0e+00 0.0e+00 0.0e+00 0.0e+00 0.0e+00
 0.0e+00 0.0e+00 0.0e+00 0.0e+00 0.0e+00
 0.0e+00 0.0e+00 0.0e+00
         7.5936       -20.8816        12.2944
  1.380110234e-03  1.965172951e-03  2.437357787e-03
 0 0 0 0 0 0 0 0 0 0 0 0 0
 0.0e+00 0.0e+00 0.0e+00 0.0e+00 0.0e+00
 0.0e+00 0.0e+00 0.0e+00 0.0e+00 0.0e+00
 0.0e+00 0.0e+00 0.0e+00
         0.9652        22.2177         1.6566
 -1.753756651e-03  3.268041877e-04 -3.188800837e-03
 0 0 0 0 0 0 0 0 0 0 0 0 0
 0.0e+00 0.0e+00 0.0e+00 0.0e+00 0.0e+00
 0.0e+00 0.0e+00 0.0e+00 0.0e+00 0.0e+00
 0.0e+00 0.0e+00 0.0e+00
        -2.2072         9.8462        -4.1675
 -2.274700899e-03 -2.242228867e-03 -4.116997869e-03
 0 0 0 0 0 0 0 0 0 0 0 0 0
 0.0e+00 0.0e+00 0.0e+00 0.0e+00 0.0e+00
 0.0e+00 0.0e+00 0.0e+00 0.0e+00 0.0e+00
 0.0e+00 0.0e+00 0.0e+00
        -3.0435        16.1476        -5.6326
 -1.895520943e-03 -1.528899023e-03 -3.331862366e-03
 0 0 0 0 0 0 0 0 0 0 0 0 0
 0.0e+00 0.0e+00 0.0e+00 0.0e+00 0.0e+00
 0.0e+00 0.0e+00 0.0e+00 0.0e+00 0.0e+00
 0.0e+00 0.0e+00 0.0e+00
        -6.0269        14.8709       -11.2028
 -1.452526702e-03 -2.529897588e-03 -2.570106939e-03
 0 0 0 0 0 0 0 0 0 0 0 0 0
 0.0e+00 0.0e+00 0.0e+00 0.0e+00 0.0e+00
 0.0e+00 0.0e+00 0.0e+00 0.0e+00 0.0e+00
 0.0e+00 0.0e+00 0.0e+00
         2.6559        -7.1423         4.4325
  2.291367145e-03  3.374356734e-03  4.106716994e-03
 0 0 0 0 0 0 0 0 0 0 0 0 0
 0.0e+00 0.0e+00 0.0e+00 0.0e+00 0.0e+00
 0.0e+00 0.0e+00 0.0e+00 0.0e+00 0.0e+00
 0.0e+00 0.0e+00 0.0e+00
         4.5475         1.2499         7.9412
 -4.364761033e-04  5.611569148e-03 -6.329958396e-04
 0 0 0 0 0 0 0 0 0 0 0 0 0
 0.0e+00 0.0e+00 0.0e+00 0.0e+00 0.0e+00
 0.0e+00 0.0e+00 0.0e+00 0.0e+00 0.0e+00
 0.0e+00 0.0e+00 0.0e+00
         2.0611        10.8515         3.5895
 -2.382580739e-03  1.831626431e-03 -4.066535728e-03
 0 0 0 0 0 0 0 0 0 0 0 0 0
 0.0e+00 0.0e+00 0.0e+00 0.0e+00 0.0e+00
 0.0e+00 0.0e+00 0.0e+00 0.0e+00 0.0e+00
 0.0e+00 0.0e+00 0.0e+00
         5.6832         7.6540         9.9767
 -1.207871841e-03  3.850229371e-03 -2.278072964e-03
 0 0 0 0 0 0 0 0 0 0 0 0 0
 0.0e+00 0.0e+00 0.0e+00 0.0e+00 0.0e+00
 0.0e+00 0.0e+00 0.0e+00 0.0e+00 0.0e+00
 0.0e+00 0.0e+00 0.0e+00
        -4.0823        26.4814        -7.7130
 -1.526419201e-03 -9.988673802e-04 -2.712351501e-03
 0 0 0 0 0 0 0 0 0 0 0 0 0
 0.0e+00 0.0e+00 0.0e+00 0.0e+00 0.0e+00
 0.0e+00 0.0e+00 0.0e+00 0.0e+00 0.0e+00
 0.0e+00 0.0e+00 0.0e+00
        -0.3764        12.3495        -0.4772
 -2.398870857e-03 -2.372324809e-04 -4.260611590e-03
 0 0 0 0 0 0 0 0 0 0 0 0 0
 0.0e+00 0.0e+00 0.0e+00 0.0e+00 0.0e+00
 0.0e+00 0.0e+00 0.0e+00 0.0e+00 0.0e+00
 0.0e+00 0.0e+00 0.0e+00
         2.4516        14.4423         4.3686
 -2.006165909e-03  1.447628223e-03 -3.663228224e-03
 0 0 0 0 0 0 0 0 0 0 0 0 0
 0.0e+00 0.0e+00 0.0e+00 0.0e+00 0.0e+00
 0.0e+00 0.0e+00 0.0e+00 0.0e+00 0.0e+00
 0.0e+00 0.0e+00 0.0e+00
         0.5157        -8.9954         0.5518
  2.865366954e-03  4.749763137e-04  4.940444669e-03
 0 0 0 0 0 0 0 0 0 0 0 0 0
 0.0e+00 0.0e+00 0.0e+00 0.0e+00 0.0e+00
 0.0e+00 0.0e+00 0.0e+00 0.0e+00 0.0e+00
 0.0e+00 0.0e+00 0.0e+00
        -1.7449        10.6300        -3.0496
 -2.433112219e-03 -1.646450613e-03 -4.240541265e-03
 0 0 0 0 0 0 0 0 0 0 0 0 0
 0.0e+00 0.0e+00 0.0e+00 0.0e+00 0.0e+00
 0.0e+00 0.0e+00 0.0e+00 0.0e+00 0.0e+00
 0.0e+00 0.0e+00 0.0e+00
        -0.2887         8.3367        -0.7896
 -2.930854967e-03 -6.186751424e-04 -5.135083108e-03
 0 0 0 0 0 0 0 0 0 0 0 0 0
 0.0e+00 0.0e+00 0.0e+00 0.0e+00 0.0e+00
 0.0e+00 0.0e+00 0.0e+00 0.0e+00 0.0e+00
 0.0e+00 0.0e+00 0.0e+00
       -11.7541        -4.8383       -19.9745
  3.214373478e-04 -3.454904618e-03  6.602330753e-04
 0 0 0 0 0 0 0 0 0 0 0 0 0
 0.0e+00 0.0e+00 0.0e+00 0.0e+00 0.0e+00
 0.0e+00 0.0e+00 0.0e+00 0.0e+00 0.0e+00
 0.0e+00 0.0e+00 0.0e+00
         7.7655        28.2085        12.8801
 -1.296819035e-03  1.443051666e-03 -2.336680075e-03
 0 0 0 0 0 0 0 0 0 0 0 0 0
 0.0e+00 0.0e+00 0.0e+00 0.0e+00 0.0e+00
 0.0e+00 0.0e+00 0.0e+00 0.0e+00 0.0e+00
 0.0e+00 0.0e+00 0.0e+00
        10.2086        -7.7435        17.3713
  6.510554961e-04  3.472911523e-03  1.125440532e-03
 0 0 0 0 0 0 0 0 0 0 0 0 0
 0.0e+00 0.0e+00 0.0e+00 0.0e+00 0.0e+00
 0.0e+00 0.0e+00 0.0e+00 0.0e+00 0.0e+00
 0.0e+00 0.0e+00 0.0e+00
         2.4670       -29.9073         3.5222
  1.564696482e-03  4.441799045e-04  2.663381180e-03
 0 0 0 0 0 0 0 0 0 0 0 0 0
 0.0e+00 0.0e+00 0.0e+00 0.0e+00 0.0e+00
 0.0e+00 0.0e+00 0.0e+00 0.0e+00 0.0e+00
 0.0e+00 0.0e+00 0.0e+00
         2.9548        -6.2081         4.9548
  2.191325133e-03  4.013554421e-03  3.748940175e-03
 0 0 0 0 0 0 0 0 0 0 0 0 0
 0.0e+00 0.0e+00 0.0e+00 0.0e+00 0.0e+00
 0.0e+00 0.0e+00 0.0e+00 0.0e+00 0.0e+00
 0.0e+00 0.0e+00 0.0e+00
         3.2844        33.4022         5.8699
 -1.403858831e-03  5.813048716e-04 -2.522662349e-03
 0 0 0 0 0 0 0 0 0 0 0 0 0
 0.0e+00 0.0e+00 0.0e+00 0.0e+00 0.0e+00
 0.0e+00 0.0e+00 0.0e+00 0.0e+00 0.0e+00
 0.0e+00 0.0e+00 0.0e+00
        -2.8336         9.5404        -4.8765
 -2.204936076e-03 -2.643575353e-03 -3.866694681e-03
 0 0 0 0 0 0 0 0 0 0 0 0 0
 0.0e+00 0.0e+00 0.0e+00 0.0e+00 0.0e+00
 0.0e+00 0.0e+00 0.0e+00 0.0e+00 0.0e+00
 0.0e+00 0.0e+00 0.0e+00
        14.1957        12.5636        25.8451
 -6.013803885e-04  2.784732911e-03 -1.038894413e-03
 0 0 0 0 0 0 0 0 0 0 0 0 0
 0.0e+00 0.0e+00 0.0e+00 0.0e+00 0.0e+00
 0.0e+00 0.0e+00 0.0e+00 0.0e+00 0.0e+00
 0.0e+00 0.0e+00 0.0e+00
        16.5092       -17.4534        28.4295
  7.049091886e-04  2.493697933e-03  1.136826057e-03
 0 0 0 0 0 0 0 0 0 0 0 0 0
 0.0e+00 0.0e+00 0.0e+00 0.0e+00 0.0e+00
 0.0e+00 0.0e+00 0.0e+00 0.0e+00 0.0e+00
 0.0e+00 0.0e+00 0.0e+00
       -13.1924         4.5754       -23.6093
 -2.887188984e-04 -3.251223689e-03 -4.425961832e-04
 0 0 0 0 0 0 0 0 0 0 0 0 0
 0.0e+00 0.0e+00 0.0e+00 0.0e+00 0.0e+00
 0.0e+00 0.0e+00 0.0e+00 0.0e+00 0.0e+00
 0.0e+00 0.0e+00 0.0e+00
         3.5553        -1.9324         6.4534
  8.010640151e-04  6.029188019e-03  1.365498954e-03
 0 0 0 0 0 0 0 0 0 0 0 0 0
 0.0e+00 0.0e+00 0.0e+00 0.0e+00 0.0e+00
 0.0e+00 0.0e+00 0.0e+00 0.0e+00 0.0e+00
 0.0e+00 0.0e+00 0.0e+00
         0.3426        -6.5340         0.4787
  3.431680665e-03  6.165983294e-04  5.758841520e-03
 0 0 0 0 0 0 0 0 0 0 0 0 0
 0.0e+00 0.0e+00 0.0e+00 0.0e+00 0.0e+00
 0.0e+00 0.0e+00 0.0e+00 0.0e+00 0.0e+00
 0.0e+00 0.0e+00 0.0e+00
